[Delta]
eCa = 65
gCaL = 0.7 
mCaL = 0.8218051702003508
hCaL = 0.6672499701175263 
sCaLm = 10
sCaLh = -5
vCaLm = -30
vCaLh = -33
tCaLh1 = 60
tCaLh2 = 51
gCaPQ = 0.7
mCaPQ = 0.5089033026581684  
hCaPQ = 0.6672499701175263  
vCaPQm = -15
sCaPQm = 10
vCaPQh = -33
sCaPQh = -5
tCaPQh1 = 60
tCaPQh2 = 51
eNa = -70
gNa = 5
vNam = -30
vNah = -52
sNam = 4
sNah = -8
tNah1 = 120
tNah2 = 0.5
mNa = 0.9737137320580179  
hNa = 0.006777955247303555
eK = -75
gKa = 0.5
vKam = -45
sKam = 10
vKah = -68
sKah = -10
tauKam = 0.1
tKah1 = 60
tKah2 = 5
mKa = 0.9480884005315277 
hKa = 0.02771925786328598
vKdrm = -25
sKdrm = 23
gKdr = 7.5
eK = -75
mKdr = 0.5717652452166768
gKATPbar = 0.29 
eK = -75
gL = 0
eL = -20
tmsb = 0.001
con = 0.00000000594
alpha = 5.18e-15
vmdl = 2.12e-15
vmdPQ = 1.41e-15
fVl = 0.00340
B = 1 
cmdl = 19.82903375122306 
c = 0.3051356309084454  
fVPQ = 0.00226
cmdPQ = 27.93917378868966 
kpmca = 0.3
kserca = 0.4
pleak = 0.0003
cer = 413.8135591677398 
mCaPQ = 0.5089033026581684  
hCaPQ = 0.6672499701175263 
vCaPQm = -15
sCaPQm = 10
vCaPQh = -33
sCaPQh = -5
tCaPQh1 = 60
tCaPQh2 = 51
tausom = 2000
bas = 0.0009
fcyt = 0.01
fmd = 0.01
fer = 0.01
sigmav = 31
vc = 1e-13
f = 0.003