[Alpha]
t_ = 0
dir = 0
diam = 1
L = 1
eCa = [60, 70]
gCaL = [0.5, 0.8]
mCaL = [0.1, 0.14]
hCaL = 0.8127842536675057
gcapq = 0.6
mcapq = 0.0120465460803863  
hcapq = 0.8127842536675057
vcapqm = -5
scapqm = 10
vcapqh = -33 
scapqh = -5
tcapqh1 = 60
tcapqh2 = 51
gCaT = 0.4
mCaT = 0.4633857551023612 
hCaT = 0.3735421388722815
gbarGIRK = 10
alpha = 5
Ba = 1
fcyta = 0.01
fVpqa = 0.00226
tmsb = 0.001
fmda = 0.01
k1a = 20
km1a=100
u1a = 2000
u2a = 3
u3a = 0.025
vcella = 0.624e-12
vmdpq = 1.41e-15
gKa = 1
mKa = 0.4001652246173745
hKa = 0.1373195977592295 
tau_mKa = 0.1
gbarKATP = 3
gkdr = 4.5
mkdr = 0.2674634279865117
vkdrm = -25
skdrm = 23
eL = -20
gL = 0.2
eNa = 70
gNa = 11
mNa = 0.007938786735335676
hNa = 0.2498175179717122
gsocbar = 0.025
eSOC = 0
caerbar = 70
ssoca = -20
fer = 0.01
sigmav = 31
[Beta]
t_ = 0
dir = 0
diam = 1
L = 1
test = -1 
Cm = 9990
ADPf = 15.0
ATP = 3600
Cac = 0.25
Caci = 0.25
dCaL = 0.001
dCaP = 0.1
dCaT = 0.1
dKCa = 0.1
dKCaB = 0.1
dKhe = 0.1
dKr = 0.0029
dNa = 0.1
eCa = 100
eK = -75
eNa = 70
F_ca = 96480
F_ins = 96480
f1CaL = 0.1
f2CaL = 0.7
fCaP = 0.1
fCaT = 0.1
fi = 0.005
fKCaB = 0.1
fKhe = 0.1
fNa = 0.1
gBNa = 10.0
gmCaL = 2700
gmCaP = 1200
gmCaT = 250
gmKATP = 65000
gmKCa = 150
gmKCaB = 25000
gmKDr = 18000
gmKhe = 200
gmNa = 10000
hdk = 2
In = 1.0
IntCa = 0
IntCai = 0
kCaBK = 1.5
kCap = 0.3
kci = 2
kdCaL = 8
kdCaP = 6
kdCaT = 6
kdd = 17
kdhe = 10
kdKCaB = 30
kdkr = 8
kdNa = 10
kfCaL = 8
kfCaP = 8
kfCaT = 8
kfhe = 17.5
kfKCaB = 9.2
kfNa = 6
KiCa = 0.2
KKCa = 0.2
kNar = 0
kpi = 0.0001
kre = 0.00073
ksg = 0.00001
kshift = 18
ksi = 10000
ktd = 26
ktt = 50
newk = 0.001
Ni = 600
PmCaP = 5600
RTdF = 26.73
tdCaP = 0.41
tdCaT = 0.41
tdKCaB = 1.9
tdKhe = 100
tdKr = 20
tdNa = 0.1
tf1CaL = 6.8
tf2CaL = 65
tfCaP = 65
tfCaT = 6.8
tfKCaB = 22.6
tfKhe = 50
tfNa = 0.5
VBKo = 0.1
VdCaL = -15
VdCaP = -5
VdCaT = -50
Vdhe = -30
Vdkr = -9
VdNa = -30
VfCaL = -25
VfCaP = -25
VfCaT = -64
Vfhe = -42
VfKCaB = 30
VfNa = -42
Vi = 0.764
Vmi = -62 
Vp = -62
Vpi = 45000
tdCaL = 0.41
[Delta]
t_ = 0
dir = 0
diam = 1
L = 1
eCa = 65
gCaL = 0.7 
mCaL = 0.8218051702003508
hCaL = 0.6672499701175263 
sCaLm = 10
sCaLh = -5
vCaLm = -30
vCaLh = -33
tCaLh1 = 60
tCaLh2 = 51
gCaPQ = 0.7
mCaPQ = 0.5089033026581684  
hCaPQ = 0.6672499701175263  
vCaPQm = -15
sCaPQm = 10
vCaPQh = -33
sCaPQh = -5
tCaPQh1 = 60
tCaPQh2 = 51
eNa = -70
gNa = 5
vNam = -30
vNah = -52
sNam = 4
sNah = -8
tNah1 = 120
tNah2 = 0.5
mNa = 0.9737137320580179  
hNa = 0.006777955247303555
eK = -75
gKa = 0.5
vKam = -45
sKam = 10
vKah = -68
sKah = -10
tauKam = 0.1
tKah1 = 60
tKah2 = 5
mKa = 0.9480884005315277 
hKa = 0.02771925786328598
vKdrm = -25
sKdrm = 23
gKdr = 7.5
mKdr = 0.5717652452166768
gKATPbar = 0.29 
gL = 0
eL = -20
[Other]
