[Delta]
t_ = 0
dir = 0
diam = 1
L = 1
eCa = 65
gCaL = 0.7
mCaL = 0.8218051702003508
hCaL = 0.6672499701175263
sCaLm = 10
sCaLh = -5
vCaLm = -30
vCaLh = -33
tCaLh1 = 60
tCaLh2 = 51
gCaPQ = 0.7
mCaPQ = 0.5089033026581684
hCaPQ = 0.6672499701175263
vCaPQm = -15
sCaPQm = 10
vCaPQh = -33
sCaPQh = -5
tCaPQh1 = 60
tCaPQh2 = 51
eNa = -70
gNa = 5
vNam = -30
vNah = -52
sNam = 4
sNah = -8
tNah1 = 120
tNah2 = 0.5
mNa = 0.9737137320580179
hNa = 0.006777955247303555
eK = -75
gKa = 0.5
vKam = -45
sKam = 10
vKah = -68
sKah = -10
tauKam = 0.1
tKah1 = 60
tKah2 = 5
mKa = 0.9480884005315277
hKa = 0.02771925786328598
vKdrm = -25
sKdrm = 23
gKdr = 7.5
mKdr = 0.5717652452166768
gKATPbar = 0.29
gL = 0
eL = -20
position = [2, 1, 2]