[Alpha]
t_ = 0
dir = 0
diam = 1
L = 1
eCa = 58.189555137158386
gCaL = 0.3498421686213788
mCaL = 0.07188590859955075
hCaL = 0.8127842536675057
gcapq = 0.6
mcapq = 0.0120465460803863
hcapq = 0.8127842536675057
vcapqm = -5
scapqm = 10
vcapqh = -33
scapqh = -5
tcapqh1 = 60
tcapqh2 = 51
gCaT = 0.4
mCaT = 0.4633857551023612
hCaT = 0.3735421388722815
gbarGIRK = 10
alpha = 5
Ba = 1
fcyta = 0.01
fVpqa = 0.00226
tmsb = 0.001
fmda = 0.01
k1a = 20
km1a = 100
u1a = 2000
u2a = 3
u3a = 0.025
vcella = 6.24e-13
vmdpq = 1.41e-15
gKa = 1
mKa = 0.4001652246173745
hKa = 0.1373195977592295
tau_mKa = 0.1
gbarKATP = 3
gkdr = 4.5
mkdr = 0.2674634279865117
vkdrm = -25
skdrm = 23
eL = -20
gL = 0.2
eNa = 70
gNa = 11
mNa = 0.007938786735335676
hNa = 0.2498175179717122
gsocbar = 0.025
eSOC = 0
caerbar = 70
ssoca = -20
fer = 0.01
sigmav = 31
position = [1, 2, 1]