# all initial values of all mechanisms classified by cell type
[Beta]
dKCaB = 0.1
hdk = 2
gmKCaB = 25000
kCaBK = 1.5
kdKCaB = 30
kfKCaB = 9.2
fKCaB = 0.1
tdKCaB = 1.9
tfKCaB = 22.6
VfKCaB = 30
VBKo = 0.1
eK = -75
kshift = 18
IntCa = 0
Cac = 0.25
fi = 0.005
F_ca = 96480
Vi = 0.764
ksg = 0.00001
dCaL = 0.001
f1CaL = 0.1
f2CaL = 0.7
gmCaL = 2700
kdCaL = 8
kfCaL = 8
tf1CaL = 6.8
tf2CaL = 65
VdCaL = -15
VfCaL = -25
tdCaL = 0.41
eCa = 100
gmCaP = 1200
dCaP = 0.1
fCaP = 0.1
VfCaP = -25
VdCaP = -5
tdCaP = 0.41
tfCaP = 65
kfCaP = 8
kdCaP = 6
dCaT = 0.1
fCaT = 0.1
gmCaT = 250
kdCaT = 6
kfCaT = 8
tdCaT = 0.41
tfCaT = 6.8
VdCaT = -50
VfCaT = -64
dKhe = 0.1
fKhe = 0.1
gmKhe = 200
kdhe = 10
kfhe = 17.5
tdKhe = 100
tfKhe = 50
Vdhe = -30
Vfhe = -42
Vpi = 45000
kpi = 0.0001
Ni = 600
In = 1.0
kci = 2
KiCa = 0.2
kre = 0.00073
ksi = 10000
F_ins = 96480
gmKATP = 45000
ATP = 3600
ADPf = 15.0
kdd = 17
ktt = 50
ktd = 26
gmKCa = 150
KKCa = 0.2
dKCa = 0.1
gmKDr = 18000
tdKr = 20
dKr = 0.0029
Vdkr = -9
kdkr = 8
gmNa = 10000
dNa = 0.1
VdNa = -30
kdNa = 10
tdNa = 0.1
tfNa = 0.5
fNa = 0.1
kNar = 0
eN = 70
VfNa = -42
kfNa = 6
gBNa = 10.0
PmCaP = 5600
kCap = 0.3
Vmi = -62
Cm = 9990
[Other]
l = 10
d = 10
n = 100