[Alpha]
eCa = 65
gCaL = 0.7
mCaL = 0.1293341713632475 
hCaL = 0.8127842536675057
gcapq = 0.6
mcapq = 0.0120465460803863  
hcapq = 0.8127842536675057
vcapqm = -5
scapqm = 10
vcapqh = -33 
scapqh = -5
tcapqh1 = 60
tcapqh2 = 51
gCaT = 0.4
mCaT = 0.4633857551023612 
hCaT = 0.3735421388722815
gbarGIRK = 10
alpha = 5
Ba = 1
fcyta = 0.01
fVpqa = 0.00226
tmsb = 0.001
fmda = 0.01
k1a = 20
km1a=100
u1a = 2000
u2a = 3
u3a = 0.025
vcella = 0.624e-12
vmdpq = 1.41e-15
gKa = 1
mKa = 0.4001652246173745
hKa = 0.1373195977592295 
tau_mKa = 0.1
gbarKATP = 3
gkdr = 4.5
mkdr = 0.2674634279865117
vkdrm = -25
skdrm = 23
eL = -20
gL = 0.2
eNa = 70
gNa = 11
<<<<<<< HEAD
mNa = 0.007938786735335676
hNa = 0.2498175179717122
gsocbar = 0.025
eSOC = 0
caerbar = 70
ssoca = -20
fer = 0.01
sigmav = 31
=======
alpha = 5
Ba = 1
fcyta = 0.01
fVpqa = 0.00226
tmsb = 0.001
vcella = 0.624e-12
vmdpq = 1.41e-15
cmdpqa = 11.51299890826233 
ca = 0.3449148387259899  
kpmcaa = 0.3
ksercaa = 0.05
pleaka = 0.0003
cera = 58.71698724650182
N1a = 1.057203539612775e-05
N2a = 2.113947666062938e-05  
N3a = 2.388848788981755e-05  
N4a = 2.391806975716259e-06  
N5a = 0.008850176609826538  
N6a = 12.69715161782077  
NFa = 0.001724142875712899  
NRa = 0.1927364884362762  
fera = 0.01
sigmava = 31
fmda = 0.01
k1a = 20 
km1a = 100
r1a = 0.6 
rm1a = 1 
r20a = 0.006
r30a = 1.205 
rm3a = 0.0001
u1a = 2000
u2a = 3
u3a = 0.025
kpa = 2.3 
kp2a = 2.3 
GlucFacta = 0.05
knockoutda = 0
ra = 4.5
sombara = 50
rako = 0.001
ssom = 15
fa = 150
G = 31.73727470720019 
vc = 1e-13
>>>>>>> robert
