[Alpha]
eCa = 65
gCaL = 0.7
gCaT = 0.4
gbarGIRK = 10
f = 150
gK = 4.5
eK = -75
gKa = 1
gbarKATP = 3
eL = -20
gL = 0.2
eNa = 70
gNa = 11
alpha = 5
Ba = 1
fcyta = 0.01
fVpqa = 0.00226
tmsb = 0.001
vcella = 0.624e-12
vmdpq = 1.41e-15
cmdpqa = 11.51299890826233 
ca = 0.3449148387259899  
kpmcaa = 0.3
ksercaa = 0.05
pleaka = 0.0003
cera = 58.71698724650182
N1a = 1.057203539612775e-05
N2a = 2.113947666062938e-05  
N3a = 2.388848788981755e-05  
N4a = 2.391806975716259e-06  
N5a = 0.008850176609826538  
N6a = 12.69715161782077  
NFa = 0.001724142875712899  
NRa = 0.1927364884362762  
fera = 0.01
sigmava = 31
fmda = 0.01
k1a = 20 
km1a = 100
r1a = 0.6 
rm1a = 1 
r20a = 0.006
r30a = 1.205 
rm3a = 0.0001
u1a = 2000
u2a = 3
u3a = 0.025
kpa = 2.3 
kp2a = 2.3 
GlucFacta = 0.05
knockoutda = 0
ra = 4.5
sombara = 50
rako = 0.001
ssom = 15
fa = 150
G = 31.73727470720019 
vc = 1e-13